# id vars xmin xmax y_units x_units  (formula column removed; measurement metadata only)
000 ['x0'] [1.] [3.]     [0.0, 0.0, 0.0, 0.0, 0.0]     [[0.0, 0.0, 0.0, 0.0, 0.0]]
001 ['x0' 'x1'] [1. 1.] [3. 3.]     [0.0, 0.0, 0.0, 0.0, 0.0]     [[0.0, 0.0, 0.0, 0.0, 0.0], [0.0, 0.0, 0.0, 0.0, 0.0]]
002 ['x0' 'x1' 'x2'] [1. 1. 1.] [3. 3. 3.]     [0.0, 0.0, 0.0, 0.0, 0.0]     [[0.0, 0.0, 0.0, 0.0, 0.0], [0.0, 0.0, 0.0, 0.0, 0.0], [0.0, 0.0, 0.0, 0.0, 0.0]]
003 ['x0' 'x1' 'x2' 'x3'] [1. 1. 1. 1.] [5. 5. 5. 5.]     [1.0, 0.0, 0.0, 0.0, 0.0]     [[1.0, 0.0, 0.0, 0.0, 0.0], [1.0, 0.0, 0.0, 0.0, 0.0], [1.0, 0.0, 0.0, 0.0, 0.0], [1.0, 0.0, 0.0, 0.0, 0.0]]
004 ['x0' 'x1' 'x2' 'x3' 'x4' 'x5' 'x6' 'x7' 'x8'] [1. 1. 1. 3. 1. 3. 1. 3. 1.] [2. 2. 2. 4. 2. 4. 2. 4. 2.]     [1.0, -2.0, 1.0, 0.0, 0.0]     [[0.0, 0.0, 1.0, 0.0, 0.0], [0.0, 0.0, 1.0, 0.0, 0.0], [3.0, -2.0, -1.0, 0.0, 0.0], [1.0, 0.0, 0.0, 0.0, 0.0], [1.0, 0.0, 0.0, 0.0, 0.0], [1.0, 0.0, 0.0, 0.0, 0.0], [1.0, 0.0, 0.0, 0.0, 0.0], [1.0, 0.0, 0.0, 0.0, 0.0], [1.0, 0.0, 0.0, 0.0, 0.0]]
005 ['x0' 'x1' 'x2'] [1. 1. 3.] [ 5.  2. 10.]     [0.0, 0.0, 1.0, 0.0, 0.0]     [[0.0, 0.0, 1.0, 0.0, 0.0], [1.0, -1.0, 0.0, 0.0, 0.0], [1.0, -1.0, 0.0, 0.0, 0.0]]
006 ['x0' 'x1' 'x2' 'x3' 'x4' 'x5'] [1. 1. 1. 1. 1. 1.] [5. 5. 5. 5. 5. 5.]     [2.0, 0.0, 0.0, 0.0, 0.0]     [[1.0, 0.0, 0.0, 0.0, 0.0], [1.0, 0.0, 0.0, 0.0, 0.0], [1.0, 0.0, 0.0, 0.0, 0.0], [1.0, 0.0, 0.0, 0.0, 0.0], [1.0, 0.0, 0.0, 0.0, 0.0], [1.0, 0.0, 0.0, 0.0, 0.0]]
007 ['x0' 'x1'] [1. 1.] [5. 5.]     [1.0, -2.0, 1.0, 0.0, 0.0]     [[0.0, 0.0, 0.0, 0.0, 0.0], [1.0, -2.0, 1.0, 0.0, 0.0]]
008 ['x0' 'x1' 'x2' 'x3'] [1. 1. 1. 1.] [5. 5. 5. 5.]     [1.0, -2.0, 1.0, 0.0, 0.0]     [[2.0, -2.0, 1.0, 0.0, -1.0], [2.0, -2.0, 1.0, 0.0, -1.0], [1.0, -2.0, 1.0, 0.0, -2.0], [1.0, 0.0, 0.0, 0.0, 0.0]]
009 ['x0' 'x1' 'x2'] [1. 1. 1.] [5. 5. 5.]     [-1.0, 0.0, 0.0, 0.0, 1.0]     [[2.0, -2.0, 1.0, 0.0, -1.0], [1.0, -2.0, 1.0, 0.0, -2.0], [1.0, 0.0, 0.0, 0.0, 0.0]]
010 ['x0' 'x1'] [1. 1.] [5. 5.]     [1.0, -2.0, 1.0, 0.0, 0.0]     [[2.0, -2.0, 1.0, 0.0, -1.0], [-1.0, 0.0, 0.0, 0.0, 1.0]]
011 ['x0' 'x1' 'x2' 'x3' 'x4'] [1. 1. 1. 1. 1.] [5. 5. 5. 5. 5.]     [1.0, -2.0, 1.0, 0.0, 0.0]     [[2.0, -2.0, 1.0, 0.0, -1.0], [-1.0, 0.0, 0.0, 0.0, 1.0], [-2.0, 1.0, 0.0, 0.0, 1.0], [1.0, -1.0, 0.0, 0.0, 0.0], [0.0, 0.0, 0.0, 0.0, 0.0]]
012 ['x0' 'x1' 'x2' 'x3'] [1. 1. 1. 1.] [5. 5. 5. 5.]     [2.0, -2.0, 1.0, 0.0, 0.0]     [[0.0, 0.0, 1.0, 0.0, 0.0], [1.0, -1.0, 0.0, 0.0, 0.0], [1.0, -1.0, 0.0, 0.0, 0.0], [1.0, -1.0, 0.0, 0.0, 0.0]]
013 ['x0' 'x1' 'x2' 'x3' 'x4'] [1. 1. 1. 1. 1.] [5. 5. 5. 5. 5.]     [2.0, -2.0, 1.0, 0.0, 0.0]     [[0.0, 0.0, 1.0, 0.0, 0.0], [0.0, 0.0, 1.0, 0.0, 0.0], [1.0, 0.0, 0.0, 0.0, 0.0], [1.0, 0.0, 0.0, 0.0, 0.0], [3.0, -2.0, -1.0, 0.0, 0.0]]
014 ['x0' 'x1' 'x2'] [1. 1. 1.] [5. 5. 5.]     [2.0, -2.0, 1.0, 0.0, 0.0]     [[0.0, 0.0, 1.0, 0.0, 0.0], [1.0, -2.0, 0.0, 0.0, 0.0], [1.0, 0.0, 0.0, 0.0, 0.0]]
015 ['x0' 'x1'] [1. 1.] [5. 5.]     [2.0, -2.0, 1.0, 0.0, 0.0]     [[0.0, -2.0, 1.0, 0.0, 0.0], [1.0, 0.0, 0.0, 0.0, 0.0]]
016 ['x0' 'x1' 'x2' 'x3'] [5. 1. 3. 1.] [10.  2. 20.  2.]     [1.0, 0.0, 0.0, 0.0, 0.0]     [[1.0, 0.0, 0.0, 0.0, 0.0], [1.0, -1.0, 0.0, 0.0, 0.0], [1.0, -1.0, 0.0, 0.0, 0.0], [0.0, 1.0, 0.0, 0.0, 0.0]]
017 ['x0' 'x1' 'x2' 'x3'] [1. 3. 1. 1.] [ 5. 10.  2.  5.]     [0.0, 1.0, 0.0, 0.0, 0.0]     [[1.0, 0.0, 0.0, 0.0, 0.0], [1.0, -1.0, 0.0, 0.0, 0.0], [1.0, -1.0, 0.0, 0.0, 0.0], [0.0, 1.0, 0.0, 0.0, 0.0]]
018 ['x0' 'x1' 'x2'] [1. 1. 3.] [ 5.  2. 10.]     [1.0, -1.0, 1.0, 0.0, 0.0]     [[0.0, 0.0, 1.0, 0.0, 0.0], [1.0, -1.0, 0.0, 0.0, 0.0], [1.0, -1.0, 0.0, 0.0, 0.0]]
019 ['x0' 'x1' 'x2'] [1. 1. 1.] [5. 5. 5.]     [1.0, -1.0, 0.0, 0.0, 0.0]     [[1.0, -1.0, 0.0, 0.0, 0.0], [1.0, -1.0, 0.0, 0.0, 0.0], [1.0, -1.0, 0.0, 0.0, 0.0]]
020 ['x0' 'x1' 'x2' 'x3'] [1. 1. 1. 1.] [5. 5. 5. 5.]     [1.0, 0.0, 0.0, 0.0, 0.0]     [[0.0, 0.0, 1.0, 0.0, 0.0], [0.0, 0.0, 1.0, 0.0, 0.0], [1.0, 0.0, 0.0, 0.0, 0.0], [1.0, 0.0, 0.0, 0.0, 0.0]]
021 ['x0' 'x1' 'x2'] [1. 1. 0.] [5. 5. 5.]     [2.0, -2.0, 1.0, 0.0, 0.0]     [[1.0, 0.0, 0.0, 0.0, 0.0], [1.0, -2.0, 1.0, 0.0, 0.0], [0.0, 0.0, 0.0, 0.0, 0.0]]
022 ['x0' 'x1' 'x2' 'x3'] [1. 1. 1. 1.] [5. 5. 5. 5.]     [2.0, -1.0, 1.0, 0.0, 0.0]     [[0.0, 0.0, 1.0, 0.0, 0.0], [1.0, 0.0, 0.0, 0.0, 0.0], [1.0, -1.0, 0.0, 0.0, 0.0], [0.0, 0.0, 0.0, 0.0, 0.0]]
023 ['x0' 'x1' 'x2' 'x3'] [1. 1. 1. 1.] [3. 3. 3. 3.]     [2.0, -2.0, 1.0, 0.0, 0.0]     [[0.0, 0.0, 1.0, 0.0, 0.0], [0.0, -1.0, 0.0, 0.0, 0.0], [0.0, -1.0, 0.0, 0.0, 0.0], [1.0, 0.0, 0.0, 0.0, 0.0]]
024 ['x0' 'x1'] [1. 1.] [5. 5.]     [0.0, 0.0, 0.0, 0.0, 1.0]     [[2.0, -2.0, 1.0, 0.0, -1.0], [2.0, -2.0, 1.0, 0.0, -2.0]]
025 ['x0' 'x1'] [0. 1.] [1. 5.]     [0.0, 0.0, 0.0, 0.0, 0.0]     [[0.0, 0.0, 0.0, 0.0, 0.0], [0.0, 0.0, 0.0, 0.0, 0.0]]
026 ['x0' 'x1' 'x2'] [1. 1. 1.] [5. 5. 5.]     [1.0, 0.0, 0.0, 0.0, 0.0]     [[1.0, 0.0, 0.0, 0.0, 0.0], [1.0, 0.0, 0.0, 0.0, 0.0], [0.0, 0.0, 0.0, 0.0, 0.0]]
027 ['x0' 'x1'] [1. 1.] [10. 10.]     [-1.0, 0.0, 0.0, 0.0, 0.0]     [[0.0, -1.0, 0.0, 0.0, 0.0], [1.0, -1.0, 0.0, 0.0, 0.0]]
028 ['x0' 'x1' 'x2' 'x3'] [1. 1. 1. 1.] [5. 5. 5. 5.]     [1.0, 0.0, 0.0, 0.0, 0.0]     [[1.0, 0.0, 0.0, 0.0, 0.0], [1.0, 0.0, 0.0, 0.0, 0.0], [0.0, 0.0, 0.0, 0.0, 0.0], [0.0, 0.0, 0.0, 0.0, 0.0]]
029 ['x0' 'x1' 'x2'] [1. 1. 1.] [5. 5. 5.]     [0.0, -3.0, 1.0, 0.0, 0.0]     [[0.0, -3.0, 1.0, 0.0, 0.0], [0.0, 0.0, 0.0, 0.0, 0.0], [0.0, 0.0, 0.0, 0.0, 0.0]]
030 ['x0' 'x1' 'x2'] [1. 2. 1.] [2. 5. 5.]     [0.0, 0.0, 0.0, 0.0, 0.0]     [[1.0, 0.0, 0.0, 0.0, 0.0], [1.0, 0.0, 0.0, 0.0, 0.0], [0.0, 0.0, 0.0, 0.0, 0.0]]
031 ['x0' 'x1' 'x2' 'x3'] [1. 1. 1. 1.] [5. 5. 5. 5.]     [2.0, -3.0, 1.0, 0.0, 0.0]     [[2.0, -2.0, 1.0, 0.0, -1.0], [1.0, -2.0, 0.0, 0.0, 0.0], [1.0, -2.0, 1.0, 0.0, -2.0], [1.0, -1.0, 0.0, 0.0, 0.0]]
032 ['x0' 'x1' 'x2' 'x3' 'x4' 'x5'] [1. 1. 1. 1. 1. 3.] [2. 2. 2. 2. 2. 5.]     [2.0, -3.0, 1.0, 0.0, 0.0]     [[1.0, -2.0, 1.0, 0.0, -2.0], [1.0, -1.0, 0.0, 0.0, 0.0], [-1.0, 0.0, 0.0, 0.0, 1.0], [1.0, 0.0, 0.0, 0.0, 0.0], [0.0, -1.0, 0.0, 0.0, 0.0], [0.0, -1.0, 0.0, 0.0, 0.0]]
033 ['x0' 'x1' 'x2' 'x3'] [1. 1. 1. 1.] [5. 5. 5. 5.]     [0.0, -1.0, 0.0, 0.0, 0.0]     [[2.0, -2.0, 1.0, 0.0, -1.0], [1.0, -1.0, 0.0, 0.0, 0.0], [-2.0, 1.0, 0.0, 0.0, 1.0], [1.0, -1.0, 1.0, 0.0, 0.0]]
034 ['x0' 'x1' 'x2'] [3. 1. 1.] [10.  2.  5.]     [0.0, -1.0, 0.0, 0.0, 0.0]     [[1.0, -1.0, 0.0, 0.0, 0.0], [1.0, -1.0, 0.0, 0.0, 0.0], [0.0, -1.0, 0.0, 0.0, 0.0]]
035 ['x0' 'x1' 'x2'] [3. 1. 1.] [10.  2.  5.]     [0.0, -1.0, 0.0, 0.0, 0.0]     [[1.0, -1.0, 0.0, 0.0, 0.0], [1.0, -1.0, 0.0, 0.0, 0.0], [0.0, -1.0, 0.0, 0.0, 0.0]]
036 ['x0' 'x1'] [1. 1.] [5. 5.]     [2.0, -2.0, 1.0, 0.0, 0.0]     [[0.0, -1.0, 0.0, 0.0, 0.0], [2.0, -1.0, 1.0, 0.0, 0.0]]
037 ['x0' 'x1' 'x2'] [1. 1. 1.] [5. 5. 5.]     [0.0, -3.0, 1.0, 0.0, 0.0]     [[0.0, -3.0, 1.0, 0.0, 0.0], [0.0, -3.0, 1.0, 0.0, 0.0], [0.0, 0.0, 0.0, 0.0, 0.0]]
038 ['x0' 'x1' 'x2' 'x3'] [1. 1. 1. 1.] [5. 5. 5. 5.]     [1.0, 0.0, 0.0, 0.0, 0.0]     [[0.0, 0.0, 1.0, 0.0, 0.0], [2.0, -2.0, 1.0, 0.0, -1.0], [2.0, -1.0, 1.0, 0.0, 0.0], [1.0, -2.0, 1.0, 0.0, -2.0]]
039 ['x0' 'x1'] [1. 1.] [5. 5.]     [2.0, -2.0, 1.0, 0.0, 0.0]     [[-1.0, -2.0, 1.0, 0.0, 0.0], [3.0, 0.0, 0.0, 0.0, 0.0]]
040 ['x0' 'x1' 'x2'] [2. 1. 1.] [5. 5. 5.]     [2.0, -2.0, 1.0, 0.0, 0.0]     [[0.0, 0.0, 0.0, 0.0, 0.0], [-1.0, -2.0, 1.0, 0.0, 0.0], [3.0, 0.0, 0.0, 0.0, 0.0]]
041 ['x0' 'x1' 'x2' 'x3'] [1. 1. 1. 1.] [5. 5. 5. 5.]     [-1.0, -2.0, 1.0, 0.0, 0.0]     [[0.0, 0.0, 0.0, 0.0, 0.0], [0.0, 0.0, 0.0, 1.0, 0.0], [3.0, 0.0, 0.0, 0.0, 0.0], [2.0, -2.0, 1.0, -1.0, 0.0]]
042 ['x0' 'x1' 'x2' 'x3' 'x4' 'x5'] [1. 1. 1. 1. 1. 1.] [5. 5. 5. 5. 5. 5.]     [0.0, 0.0, 0.0, 0.0, 0.0]     [[0.0, 0.0, 0.0, 0.0, 0.0], [0.0, 0.0, 1.0, 0.0, 0.0], [1.0, 0.0, 0.0, 0.0, 0.0], [0.0, 0.0, 0.0, 1.0, 0.0], [1.0, -2.0, 0.0, 0.0, 0.0], [2.0, -2.0, 1.0, -1.0, 0.0]]
043 ['x0' 'x1' 'x2' 'x3' 'x4'] [1. 1. 1. 1. 1.] [5. 5. 5. 5. 5.]     [0.0, -2.0, 1.0, 0.0, 0.0]     [[0.0, -1.0, 0.0, 0.0, 0.0], [0.0, 0.0, 0.0, 1.0, 0.0], [2.0, -1.0, 1.0, 0.0, 0.0], [2.0, -2.0, 1.0, -1.0, 0.0], [1.0, -1.0, 0.0, 0.0, 0.0]]
044 ['x0' 'x1' 'x2' 'x3'] [1. 1. 1. 1.] [5. 5. 5. 5.]     [1.0, -1.0, 0.0, 0.0, 0.0]     [[0.0, 1.0, -1.0, 0.0, 0.0], [2.0, -2.0, 1.0, 0.0, -1.0], [0.0, 0.0, 0.0, 0.0, 1.0], [1.0, 0.0, 0.0, 0.0, 0.0]]
045 ['x0' 'x1' 'x2'] [1. 1. 1.] [5. 5. 5.]     [2.0, -1.0, 0.0, 0.0, 0.0]     [[0.0, 1.0, -1.0, 0.0, 0.0], [0.0, 0.0, 0.0, 1.0, 0.0], [2.0, -2.0, 1.0, -1.0, 0.0]]
046 ['x0' 'x1' 'x2' 'x3'] [2. 1. 1. 1.] [5. 5. 5. 5.]     [1.0, -3.0, 1.0, -1.0, 0.0]     [[0.0, 0.0, 0.0, 0.0, 0.0], [2.0, -2.0, 1.0, -1.0, 0.0], [2.0, 0.0, 0.0, 0.0, 0.0], [1.0, -1.0, 0.0, 0.0, 0.0]]
047 ['x0' 'x1' 'x2' 'x3' 'x4'] [1. 1. 1. 1. 1.] [5. 5. 5. 5. 5.]     [2.0, -2.0, 1.0, 0.0, 0.0]     [[0.0, 0.0, 0.0, 0.0, 0.0], [2.0, -2.0, 1.0, -1.0, 0.0], [0.0, 0.0, 0.0, 1.0, 0.0], [3.0, 0.0, 0.0, 0.0, 0.0], [3.0, 0.0, 0.0, 0.0, 0.0]]
048 ['x0' 'x1' 'x2'] [1. 1. 1.] [5. 5. 5.]     [1.0, -1.0, 0.0, 0.0, 0.0]     [[0.0, 0.0, 0.0, 0.0, 0.0], [-1.0, -2.0, 1.0, 0.0, 0.0], [-3.0, 0.0, 1.0, 0.0, 0.0]]
049 ['x0' 'x1' 'x2'] [1. 1. 3.] [ 5.  2. 10.]     [2.0, -2.0, 1.0, 0.0, 0.0]     [[0.0, 0.0, 1.0, 0.0, 0.0], [1.0, -1.0, 0.0, 0.0, 0.0], [1.0, -1.0, 0.0, 0.0, 0.0]]
050 ['x0' 'x1' 'x2' 'x3'] [1. 1. 1. 1.] [3. 3. 3. 3.]     [1.0, 0.0, 0.0, 0.0, 0.0]     [[1.0, 0.0, 0.0, 0.0, 0.0], [0.0, -1.0, 0.0, 0.0, 0.0], [0.0, 1.0, 0.0, 0.0, 0.0], [0.0, 0.0, 0.0, 0.0, 0.0]]
051 ['x0' 'x1' 'x2' 'x3' 'x4'] [1. 1. 1. 1. 1.] [5. 5. 5. 5. 5.]     [2.0, -3.0, 1.0, 0.0, 0.0]     [[1.0, -3.0, 1.0, -1.0, 0.0], [0.0, 0.0, 0.0, 1.0, 0.0], [0.0, 0.0, 0.0, 1.0, 0.0], [2.0, 0.0, 0.0, 0.0, 0.0], [1.0, 0.0, 0.0, 0.0, 0.0]]
052 ['x0' 'x1'] [1. 1.] [5. 5.]     [0.0, -3.0, 1.0, 0.0, 0.0]     [[2.0, -3.0, 1.0, 0.0, 0.0], [1.0, 0.0, 0.0, 0.0, 0.0]]
053 ['x0' 'x1' 'x2'] [1. 1. 1.] [5. 5. 5.]     [0.0, 0.0, 0.0, 0.0, 1.0]     [[2.0, -2.0, 1.0, 0.0, -1.0], [1.0, -2.0, 1.0, 0.0, -2.0], [1.0, 0.0, 0.0, 0.0, 0.0]]
054 ['x0' 'x1' 'x2' 'x3'] [1. 1. 1. 1.] [3. 3. 3. 3.]     [0.0, 0.0, 0.0, 0.0, 1.0]     [[1.0, -2.0, 1.0, 0.0, -2.0], [3.0, -2.0, 1.0, 0.0, -1.0], [0.0, 0.0, 0.0, 0.0, 0.0], [1.0, 0.0, 0.0, 0.0, 0.0]]
055 ['x0' 'x1' 'x2' 'x3' 'x4' 'x5'] [1. 1. 1. 1. 1. 1.] [3. 3. 3. 3. 3. 3.]     [-1.0, 0.0, 0.0, 0.0, 1.0]     [[1.0, -2.0, 1.0, 0.0, -2.0], [3.0, -2.0, 1.0, 0.0, -1.0], [1.0, 0.0, 0.0, 0.0, 0.0], [1.0, 0.0, 0.0, 0.0, 0.0], [1.0, 0.0, 0.0, 0.0, 0.0], [1.0, 0.0, 0.0, 0.0, 0.0]]
056 ['x0' 'x1' 'x2' 'x3'] [1. 1. 1. 1.] [3. 3. 3. 3.]     [-1.0, 0.0, 0.0, 0.0, 1.0]     [[1.0, -2.0, 1.0, 0.0, -2.0], [3.0, -2.0, 1.0, 0.0, -1.0], [0.0, 0.0, 0.0, 0.0, 0.0], [1.0, 0.0, 0.0, 0.0, 0.0]]
057 ['x0' 'x1' 'x2'] [1. 1. 1.] [5. 5. 5.]     [2.0, -2.0, 1.0, 0.0, 0.0]     [[2.0, -2.0, 1.0, 0.0, -1.0], [1.0, -2.0, 1.0, 0.0, -2.0], [1.0, 0.0, 0.0, 0.0, 0.0]]
058 ['x0' 'x1'] [1. 1.] [5. 5.]     [-1.0, -2.0, 1.0, 0.0, 0.0]     [[1.0, -2.0, 1.0, 0.0, -2.0], [-1.0, 0.0, 0.0, 0.0, 1.0]]
059 ['x0' 'x1' 'x2'] [1. 1. 1.] [5. 5. 5.]     [-1.0, 0.0, 0.0, 0.0, 1.0]     [[0.0, -2.0, 1.0, 0.0, -1.0], [1.0, -2.0, 1.0, 0.0, -2.0], [0.0, 0.0, 0.0, 0.0, 0.0]]
060 ['x0' 'x1' 'x2' 'x3' 'x4'] [1. 1. 1. 3. 1.] [3. 3. 3. 5. 2.]     [1.0, 0.0, 0.0, 0.0, 0.0]     [[2.0, -2.0, 1.0, 0.0, -1.0], [-1.0, 0.0, 0.0, 0.0, 1.0], [0.0, 0.0, 1.0, 0.0, 0.0], [0.0, -1.0, 0.0, 0.0, 0.0], [0.0, -1.0, 0.0, 0.0, 0.0]]
061 ['x0' 'x1' 'x2' 'x3' 'x4' 'x5'] [1. 1. 1. 1. 1. 1.] [3. 3. 3. 3. 3. 3.]     [0.0, 0.0, 0.0, 0.0, 0.0]     [[0.0, 0.0, 0.0, 0.0, 0.0], [2.0, -2.0, 1.0, -1.0, 0.0], [0.0, 0.0, 0.0, 1.0, 0.0], [0.0, 0.0, 0.0, 0.0, 0.0], [3.0, -2.0, 1.0, 0.0, -1.0], [-1.0, 0.0, 0.0, 0.0, 1.0]]
062 ['x0' 'x1' 'x2' 'x3' 'x4'] [1. 1. 1. 1. 1.] [5. 5. 5. 5. 5.]     [0.0, -2.0, 1.0, 0.0, -1.0]     [[-3.0, 0.0, 0.0, 0.0, 0.0], [3.0, -2.0, 1.0, 0.0, -1.0], [-1.0, 0.0, 0.0, 0.0, 1.0], [2.0, -2.0, 1.0, -1.0, 0.0], [0.0, 0.0, 0.0, 1.0, 0.0]]
063 ['x0' 'x1' 'x2' 'x3'] [0. 0. 1. 1.] [1. 1. 2. 2.]     [0.0, -2.0, 1.0, 0.0, -1.0]     [[0.0, 0.0, 0.0, 0.0, 0.0], [0.0, 0.0, 0.0, 0.0, 0.0], [1.0, -2.0, 1.0, 0.0, -2.0], [-1.0, 0.0, 0.0, 0.0, 1.0]]
064 ['x0' 'x1'] [0. 0.] [1. 1.]     [0.0, 0.0, 0.0, 0.0, 0.0]     [[0.0, 0.0, 0.0, 0.0, 0.0], [0.0, 0.0, 0.0, 0.0, 0.0]]
065 ['x0' 'x1' 'x2' 'x3'] [1. 1. 1. 1.] [5. 5. 5. 5.]     [-2.0, 1.0, 0.0, 0.0, 1.0]     [[1.0, -2.0, 1.0, 0.0, -2.0], [1.0, -1.0, 0.0, 0.0, 0.0], [2.0, -3.0, 1.0, 0.0, -1.0], [1.0, 0.0, 0.0, 0.0, 0.0]]
066 ['x0' 'x1' 'x2'] [1. 1. 3.] [ 5.  2. 10.]     [-1.0, -2.0, 1.0, 0.0, -1.0]     [[-1.0, -2.0, 1.0, 0.0, -1.0], [1.0, -1.0, 0.0, 0.0, 0.0], [1.0, -1.0, 0.0, 0.0, 0.0]]
067 ['x0' 'x1' 'x2'] [1. 1. 3.] [ 5.  2. 10.]     [0.0, -3.0, 1.0, 0.0, -1.0]     [[-1.0, -2.0, 1.0, 0.0, -1.0], [1.0, -1.0, 0.0, 0.0, 0.0], [1.0, -1.0, 0.0, 0.0, 0.0]]
068 ['x0' 'x1' 'x2'] [1. 1. 1.] [5. 5. 5.]     [2.0, -2.0, 1.0, 0.0, 0.0]     [[4.0, -3.0, 1.0, 0.0, -1.0], [-2.0, 1.0, 0.0, 0.0, 1.0], [0.0, 0.0, 0.0, 0.0, 0.0]]
069 ['x0' 'x1' 'x2'] [1. 1. 1.] [5. 5. 5.]     [2.0, -2.0, 1.0, 0.0, 0.0]     [[3.0, -2.0, 1.0, 0.0, -1.0], [-1.0, 0.0, 0.0, 0.0, 1.0], [0.0, 0.0, 0.0, 0.0, 0.0]]
070 ['x0' 'x1' 'x2' 'x3' 'x4'] [1. 1. 1. 1. 3.] [ 5.  5.  5.  2. 10.]     [0.0, 0.0, 0.0, 0.0, 1.0]     [[2.0, -2.0, 1.0, 0.0, -1.0], [1.0, -2.0, 1.0, 0.0, -2.0], [1.0, 0.0, 0.0, 0.0, 0.0], [1.0, -1.0, 0.0, 0.0, 0.0], [1.0, -1.0, 0.0, 0.0, 0.0]]
071 ['x0' 'x1' 'x2'] [4. 1. 2.] [6. 2. 4.]     [-1.0, 0.0, 0.0, 0.0, 0.0]     [[0.0, -1.0, 0.0, 0.0, 0.0], [1.0, -1.0, 0.0, 0.0, 0.0], [1.0, 0.0, 0.0, 0.0, 0.0]]
072 ['x0' 'x1' 'x2'] [1. 1. 1.] [5. 5. 5.]     [0.0, -3.0, 1.0, 0.0, 0.0]     [[1.0, -2.0, 1.0, 0.0, -2.0], [1.0, -1.0, 0.0, 0.0, 0.0], [-1.0, 0.0, 0.0, 0.0, 1.0]]
073 ['x0' 'x1'] [1. 1.] [5. 5.]     [-1.0, -2.0, 1.0, 0.0, 0.0]     [[1.0, -2.0, 1.0, 0.0, -2.0], [-1.0, 0.0, 0.0, 0.0, 1.0]]
074 ['x0' 'x1' 'x2'] [1. 1. 1.] [5. 5. 5.]     [2.0, -3.0, 1.0, 0.0, -1.0]     [[2.0, -2.0, 1.0, 0.0, -1.0], [1.0, -1.0, 0.0, 0.0, 0.0], [1.0, 0.0, 0.0, 0.0, 0.0]]
075 ['x0' 'x1' 'x2'] [1. 1. 1.] [5. 5. 5.]     [4.0, -3.0, 1.0, 0.0, -1.0]     [[2.0, -2.0, 1.0, 0.0, -1.0], [1.0, -1.0, 0.0, 0.0, 0.0], [1.0, 0.0, 0.0, 0.0, 0.0]]
076 ['x0' 'x1' 'x2' 'x3'] [1. 1. 1. 1.] [5. 5. 5. 5.]     [0.0, -1.0, 0.0, 0.0, 0.0]     [[0.0, 0.0, 0.0, 0.0, 0.0], [2.0, -2.0, 1.0, 0.0, -1.0], [-2.0, 1.0, 0.0, 0.0, 1.0], [0.0, 0.0, 1.0, 0.0, 0.0]]
077 ['x0' 'x1' 'x2'] [1. 1. 1.] [5. 5. 5.]     [4.0, -3.0, 1.0, 0.0, -1.0]     [[2.0, -2.0, 1.0, 0.0, -1.0], [2.0, -1.0, 1.0, 0.0, 0.0], [0.0, 0.0, 1.0, 0.0, 0.0]]
078 ['x0' 'x1' 'x2' 'x3' 'x4'] [1. 1. 1. 1. 1.] [5. 5. 5. 5. 5.]     [2.0, -2.0, 1.0, 0.0, 0.0]     [[0.0, 0.0, 0.0, 0.0, 0.0], [2.0, -1.0, 1.0, 0.0, 0.0], [2.0, -1.0, 1.0, 0.0, 0.0], [4.0, -3.0, 1.0, 0.0, -1.0], [-2.0, 1.0, 0.0, 0.0, 1.0]]
079 ['x0' 'x1' 'x2' 'x3' 'x4'] [1. 1. 1. 1. 1.] [3. 3. 3. 3. 3.]     [0.0, 0.0, 0.0, 0.0, 0.0]     [[0.0, 0.0, 0.0, 0.0, 0.0], [2.0, -2.0, 1.0, -1.0, 0.0], [0.0, 0.0, 0.0, 1.0, 0.0], [4.0, -3.0, 1.0, 0.0, -1.0], [-2.0, 1.0, 0.0, 0.0, 1.0]]
080 ['x0' 'x1' 'x2' 'x3' 'x4'] [1. 1. 1. 1. 1.] [5. 5. 5. 5. 5.]     [1.0, -3.0, 1.0, 0.0, -1.0]     [[-3.0, 0.0, 0.0, 0.0, 0.0], [4.0, -3.0, 1.0, 0.0, -1.0], [-2.0, 1.0, 0.0, 0.0, 1.0], [2.0, -2.0, 1.0, -1.0, 0.0], [0.0, 0.0, 0.0, 1.0, 0.0]]
081 ['x0' 'x1' 'x2' 'x3' 'x4' 'x5' 'x6' 'x7'] [1. 1. 1. 1. 1. 1. 1. 1.] [3. 3. 3. 3. 3. 3. 3. 3.]     [0.0, 0.0, 0.0, 0.0, 0.0]     [[4.0, -3.0, 1.0, 0.0, -1.0], [-2.0, 1.0, 0.0, 0.0, 1.0], [2.0, -2.0, 1.0, -1.0, 0.0], [0.0, 0.0, 0.0, 1.0, 0.0], [0.0, 0.0, 0.0, 0.0, 0.0], [1.0, -2.0, 1.0, 0.0, -2.0], [1.0, -1.0, 0.0, 0.0, 0.0], [1.0, -3.0, 1.0, 0.0, -1.0]]
082 ['x0' 'x1' 'x2'] [1. 1. 1.] [5. 5. 5.]     [2.0, -2.0, 1.0, 0.0, 0.0]     [[4.0, -3.0, 1.0, 0.0, -1.0], [-2.0, 1.0, 0.0, 0.0, 1.0], [0.0, 0.0, 0.0, 0.0, 0.0]]
083 ['x0' 'x1' 'x2' 'x3'] [1. 1. 1. 1.] [5. 5. 5. 5.]     [1.0, -2.0, 1.0, 0.0, 0.0]     [[-1.0, -2.0, 1.0, 0.0, 0.0], [2.0, 0.0, 0.0, 0.0, 0.0], [1.0, 0.0, 0.0, 0.0, 0.0], [1.0, 0.0, 0.0, 0.0, 0.0]]
084 ['x0' 'x1'] [1. 1.] [5. 5.]     [-1.0, -2.0, 1.0, 0.0, 0.0]     [[-1.0, -2.0, 1.0, 0.0, 0.0], [0.0, 0.0, 0.0, 0.0, 0.0]]
085 ['x0' 'x1' 'x2' 'x3'] [1. 1. 1. 1.] [5. 5. 5. 5.]     [0.0, 0.0, 0.0, 0.0, 0.0]     [[2.0, -1.0, 1.0, 0.0, 0.0], [0.0, -1.0, 0.0, 0.0, 0.0], [2.0, -2.0, 1.0, -1.0, 0.0], [0.0, 0.0, 0.0, 1.0, 0.0]]
086 ['x0' 'x1' 'x2' 'x3'] [1. 1. 1. 1.] [5. 5. 5. 5.]     [2.0, -2.0, 1.0, 0.0, 0.0]     [[2.0, -1.0, 1.0, 0.0, 0.0], [0.0, -1.0, 0.0, 0.0, 0.0], [2.0, -2.0, 1.0, -1.0, 0.0], [0.0, 0.0, 0.0, 1.0, 0.0]]
087 ['x0' 'x1' 'x2'] [1. 1. 1.] [5. 5. 5.]     [0.0, -1.0, 0.0, 0.0, 0.0]     [[4.0, -3.0, 1.0, 0.0, -1.0], [-2.0, 1.0, 0.0, 0.0, 1.0], [2.0, -1.0, 1.0, 0.0, 0.0]]
088 ['x0' 'x1' 'x2'] [1. 1. 1.] [2. 2. 4.]     [0.0, 0.0, 0.0, 0.0, 0.0]     [[2.0, -2.0, 1.0, 0.0, 0.0], [0.0, 1.0, 0.0, 0.0, 0.0], [2.0, -1.0, 1.0, 0.0, 0.0]]
089 ['x0' 'x1' 'x2' 'x3' 'x4' 'x5'] [1. 1. 1. 1. 1. 1.] [3. 3. 3. 3. 5. 5.]     [0.0, 0.0, 0.0, 0.0, 0.0]     [[3.0, -2.0, 1.0, 0.0, -1.0], [-1.0, 0.0, 0.0, 0.0, 1.0], [0.0, 1.0, 0.0, 0.0, 0.0], [2.0, -1.0, 1.0, 0.0, 0.0], [0.0, -1.0, 0.0, 0.0, 0.0], [0.0, -1.0, 0.0, 0.0, 0.0]]
090 ['x0' 'x1' 'x2' 'x3'] [1. 1. 1. 1.] [5. 5. 5. 5.]     [2.0, -2.0, 1.0, 0.0, 0.0]     [[4.0, -3.0, 1.0, 0.0, -1.0], [-2.0, 1.0, 0.0, 0.0, 1.0], [-2.0, 1.0, 0.0, 0.0, 1.0], [-2.0, 1.0, 0.0, 0.0, 1.0]]
091 ['x0' 'x1'] [1. 1.] [5. 5.]     [2.0, -1.0, 1.0, 0.0, 0.0]     [[0.0, 0.0, 0.0, 0.0, 0.0], [2.0, -1.0, 1.0, 0.0, 0.0]]
092 ['x0' 'x1' 'x2' 'x3'] [1. 1. 1. 1.] [5. 5. 5. 5.]     [1.0, -1.0, 0.0, 0.0, 0.0]     [[2.0, -2.0, 1.0, 0.0, 0.0], [1.0, 0.0, 0.0, 0.0, 0.0], [-1.0, 0.0, 0.0, 0.0, 0.0], [2.0, -1.0, 1.0, 0.0, 0.0]]
093 ['x0' 'x1' 'x2' 'x3' 'x4'] [1. 1. 1. 1. 1.] [5. 2. 2. 2. 2.]     [2.0, -3.0, 1.0, 0.0, -1.0]     [[2.0, -3.0, 1.0, 0.0, -1.0], [2.0, -2.0, 1.0, 0.0, -1.0], [0.0, 0.0, 0.0, 0.0, 1.0], [2.0, -2.0, 1.0, -1.0, 0.0], [0.0, 0.0, 0.0, 1.0, 0.0]]
094 ['x0' 'x1' 'x2'] [1. 1. 1.] [5. 5. 5.]     [2.0, -2.0, 1.0, 0.0, 0.0]     [[2.0, -2.0, 1.0, 0.0, 0.0], [-1.0, 0.0, 0.0, 0.0, 0.0], [1.0, 0.0, 0.0, 0.0, 0.0]]
095 ['x0' 'x1' 'x2'] [1. 1. 1.] [5. 5. 5.]     [0.0, 0.0, 1.0, 0.0, 0.0]     [[2.0, -1.0, 1.0, 0.0, 0.0], [2.0, -2.0, 1.0, 0.0, 0.0], [1.0, 0.0, 0.0, 0.0, 0.0]]
096 ['x0' 'x1' 'x2'] [1. 1. 1.] [5. 5. 5.]     [-1.0, 0.0, 0.0, 0.0, 0.0]     [[0.0, 0.0, 0.0, 0.0, 0.0], [0.0, 0.0, 0.0, 0.0, 0.0], [1.0, 0.0, 0.0, 0.0, 0.0]]
097 ['x0' 'x1' 'x2'] [1. 1. 1.] [5. 5. 5.]     [0.0, 0.0, 0.0, 0.0, 0.0]     [[0.0, 0.0, 0.0, 0.0, 0.0], [0.0, 0.0, 0.0, 0.0, 0.0], [0.0, 0.0, 0.0, 0.0, 0.0]]
098 ['x0' 'x1' 'x2' 'x3' 'x4'] [1. 1. 1. 1. 1.] [5. 5. 5. 5. 5.]     [2.0, -2.0, 1.0, 0.0, 0.0]     [[0.0, 0.0, 1.0, 0.0, 0.0], [2.0, -2.0, 1.0, 0.0, -1.0], [2.0, -1.0, 1.0, 0.0, 0.0], [0.0, 0.0, 0.0, 0.0, 0.0], [1.0, -2.0, 1.0, 0.0, -2.0]]
099 ['x0' 'x1' 'x2' 'x3'] [1. 1. 1. 1.] [5. 5. 5. 5.]     [0.0, -3.0, 1.0, 0.0, -1.0]     [[-1.0, -2.0, 1.0, 0.0, -1.0], [2.0, -2.0, 1.0, 0.0, -1.0], [-1.0, 1.0, 0.0, 0.0, 1.0], [0.0, 0.0, 1.0, 0.0, 0.0]]
100 ['x0' 'x1' 'x2' 'x3' 'x4' 'x5' 'x6'] [1. 1. 1. 1. 1. 1. 1.] [2. 2. 2. 2. 2. 3. 3.]     [2.0, 0.0, 0.0, 0.0, 0.0]     [[0.0, 0.0, 0.0, 0.0, 0.0], [0.0, 0.0, 0.0, 0.0, 0.0], [0.0, 0.0, 0.0, 0.0, 0.0], [2.0, -1.0, 1.0, 0.0, 0.0], [1.0, -1.0, 0.0, 0.0, 0.0], [2.0, -2.0, 1.0, 0.0, 0.0], [0.0, 0.0, 0.0, 0.0, 0.0]]
101 ['x0' 'x1' 'x2' 'x3' 'x4' 'x5'] [1. 1. 1. 1. 0. 0.] [3. 3. 3. 3. 6. 6.]     [-1.0, 0.0, 0.0, 0.0, 0.0]     [[0.0, 0.0, 1.0, 0.0, 0.0], [3.0, -2.0, 1.0, 0.0, 0.0], [2.0, -1.0, 1.0, 0.0, 0.0], [2.0, -2.0, 1.0, 0.0, 0.0], [0.0, 0.0, 0.0, 0.0, 0.0], [0.0, 0.0, 0.0, 0.0, 0.0]]
102 ['x0' 'x1' 'x2' 'x3'] [1. 2. 4. 4.] [3. 4. 5. 5.]     [1.0, 0.0, 0.0, 0.0, 0.0]     [[1.0, 0.0, 0.0, 0.0, 0.0], [0.0, 0.0, 0.0, 0.0, 0.0], [0.0, 0.0, 0.0, 0.0, 0.0], [0.0, 0.0, 0.0, 0.0, 0.0]]
103 ['x0' 'x1' 'x2' 'x3' 'x4'] [1. 8. 1. 1. 1.] [ 3. 12.  3.  3.  3.]     [1.0, -1.0, 0.0, 0.0, 0.0]     [[0.0, 0.0, 1.0, 0.0, 0.0], [2.0, -2.0, 1.0, 0.0, 0.0], [2.0, -2.0, 1.0, 0.0, 0.0], [2.0, -1.0, 1.0, 0.0, 0.0], [1.0, 0.0, 0.0, 0.0, 0.0]]
104 ['x0' 'x1' 'x2' 'x3'] [1. 1. 1. 1.] [3. 3. 3. 3.]     [0.0, 1.0, 0.0, 0.0, 0.0]     [[1.0, 0.0, 0.0, 0.0, 0.0], [3.0, -2.0, -1.0, 0.0, 0.0], [0.0, 0.0, 1.0, 0.0, 0.0], [0.0, 0.0, 1.0, 0.0, 0.0]]
105 ['x0' 'x1' 'x2' 'x3' 'x4' 'x5' 'x6'] [1. 1. 1. 1. 1. 1. 1.] [3. 3. 3. 3. 3. 3. 3.]     [0.0, 0.0, 0.0, 0.0, 0.0]     [[1.0, -2.0, 1.0, 0.0, -2.0], [2.0, -1.0, 1.0, 0.0, 0.0], [0.0, 0.0, 1.0, 0.0, 0.0], [0.0, 0.0, 0.0, 0.0, 0.0], [0.0, 0.0, 0.0, 0.0, 0.0], [2.0, -2.0, 1.0, 0.0, -1.0], [2.0, -2.0, 1.0, 0.0, 0.0]]
106 ['x0' 'x1' 'x2' 'x3' 'x4'] [1. 1. 1. 1. 1.] [3. 3. 2. 2. 3.]     [0.0, -1.0, 0.0, 0.0, 0.0]     [[3.0, -2.0, -1.0, 0.0, 0.0], [-3.0, 0.0, 1.0, 0.0, 0.0], [0.0, 0.0, 0.0, 0.0, 0.0], [1.0, -1.0, 0.0, 0.0, 0.0], [1.0, 0.0, 0.0, 0.0, 0.0]]
107 ['x0' 'x1' 'x2' 'x3'] [1. 1. 1. 1.] [3. 3. 3. 3.]     [2.0, -2.0, 1.0, 0.0, 0.0]     [[2.0, -2.0, 1.0, 0.0, 0.0], [0.0, 0.0, 1.0, 0.0, 0.0], [1.0, -1.0, 0.0, 0.0, 0.0], [0.0, 0.0, 0.0, 0.0, 0.0]]
108 ['x0' 'x1' 'x2' 'x3' 'x4'] [1. 1. 1. 1. 1.] [2. 2. 5. 5. 2.]     [2.0, -3.0, 1.0, 0.0, 0.0]     [[3.0, -2.0, -1.0, 0.0, 0.0], [1.0, -1.0, 0.0, 0.0, 0.0], [0.0, 0.0, 1.0, 0.0, 0.0], [0.0, 0.0, 1.0, 0.0, 0.0], [1.0, 0.0, 0.0, 0.0, 0.0]]
109 ['x0' 'x1' 'x2'] [4. 1. 1.] [6. 3. 3.]     [0.0, 0.0, 0.0, 0.0, 0.0]     [[1.0, -1.0, 0.0, 0.0, 0.0], [1.0, -1.0, 0.0, 0.0, 0.0], [0.0, 0.0, 0.0, 0.0, 0.0]]
110 ['x0' 'x1' 'x2' 'x3'] [1. 1. 1. 1.] [3. 3. 3. 2.]     [2.0, -3.0, 1.0, 0.0, -1.0]     [[2.0, -3.0, 1.0, 0.0, -1.0], [0.0, 0.0, 0.0, 0.0, 0.0], [0.0, 0.0, 0.0, 0.0, 0.0], [0.0, 0.0, 0.0, 0.0, 0.0]]
111 ['x0' 'x1' 'x2' 'x3' 'x4'] [1. 1. 1. 4. 1.] [5. 3. 5. 6. 5.]     [1.0, -2.0, 1.0, 0.0, 0.0]     [[2.0, -2.0, 1.0, 0.0, -1.0], [1.0, 0.0, 0.0, 0.0, 0.0], [0.0, 0.0, 0.0, 0.0, 1.0], [1.0, 0.0, 0.0, 0.0, 0.0], [1.0, -2.0, 1.0, 0.0, -2.0]]
112 ['x0' 'x1' 'x2' 'x3' 'x4'] [1. 1. 4. 0. 1.] [5. 3. 6. 6. 5.]     [0.0, 0.0, 0.0, 0.0, 1.0]     [[2.0, -2.0, 1.0, 0.0, -1.0], [1.0, 0.0, 0.0, 0.0, 0.0], [1.0, 0.0, 0.0, 0.0, 0.0], [0.0, 0.0, 0.0, 0.0, 0.0], [1.0, -2.0, 1.0, 0.0, -2.0]]
113 ['x0' 'x1' 'x2' 'x3' 'x4'] [1. 0. 1. 1. 1.] [5. 6. 5. 5. 5.]     [0.0, 0.0, 0.0, 0.0, 1.0]     [[-1.0, 0.0, 0.0, 0.0, 1.0], [0.0, 0.0, 0.0, 0.0, 0.0], [1.0, 0.0, 0.0, 0.0, 0.0], [1.0, 0.0, 0.0, 0.0, 0.0], [0.0, 0.0, 0.0, 0.0, 0.0]]
114 ['x0' 'x1' 'x2' 'x3'] [5. 1. 1. 0.] [20.  3.  5.  6.]     [0.0, -1.0, 0.0, 0.0, 0.0]     [[1.0, -1.0, 0.0, 0.0, 0.0], [1.0, -1.0, 0.0, 0.0, 0.0], [0.0, -1.0, 0.0, 0.0, 0.0], [0.0, 0.0, 0.0, 0.0, 0.0]]
115 ['x0' 'x1' 'x2' 'x3' 'x4' 'x5'] [1. 1. 1. 1. 1. 1.] [5. 5. 5. 5. 5. 5.]     [2.0, -2.0, 1.0, 0.0, 0.0]     [[0.0, 0.0, 1.0, 0.0, 0.0], [1.0, -1.0, 0.0, 0.0, 0.0], [1.0, -1.0, 1.0, 0.0, 0.0], [2.0, -2.0, 1.0, 0.0, -1.0], [-1.0, 1.0, 0.0, 0.0, 1.0], [0.0, 0.0, 0.0, 0.0, 1.0]]
116 ['x0' 'x1' 'x2' 'x3' 'x4' 'x5'] [1. 1. 1. 1. 1. 1.] [5. 5. 5. 5. 5. 5.]     [2.0, -2.0, 1.0, 0.0, 0.0]     [[0.0, 0.0, 1.0, 0.0, 0.0], [0.0, -1.0, 0.0, 0.0, 0.0], [1.0, -1.0, 1.0, 0.0, 0.0], [1.0, 0.0, 0.0, 0.0, 0.0], [1.0, 0.0, 0.0, 0.0, 0.0], [0.0, 0.0, 0.0, 0.0, 0.0]]
117 ['x0' 'x1' 'x2' 'x3' 'x4'] [1. 1. 1. 1. 1.] [5. 5. 5. 5. 5.]     [-3.0, 0.0, 1.0, 0.0, 0.0]     [[3.0, -2.0, -1.0, 0.0, 0.0], [0.0, 0.0, 0.0, 0.0, 0.0], [1.0, 0.0, 0.0, 0.0, 0.0], [0.0, -1.0, 0.0, 0.0, 0.0], [1.0, -1.0, 0.0, 0.0, 0.0]]
118 ['x0' 'x1' 'x2' 'x3' 'x4' 'x5'] [1. 1. 1. 1. 1. 1.] [5. 5. 5. 5. 5. 5.]     [-1.0, -2.0, 1.0, 0.0, 0.0]     [[3.0, -2.0, -1.0, 0.0, 0.0], [0.0, 0.0, 0.0, 0.0, 0.0], [1.0, 0.0, 0.0, 0.0, 0.0], [0.0, -1.0, 0.0, 0.0, 0.0], [0.0, 0.0, 0.0, 0.0, 0.0], [1.0, -1.0, 0.0, 0.0, 0.0]]
119 ['x0' 'x1' 'x2' 'x3' 'x4' 'x5' 'x6'] [1. 1. 1. 1. 1. 1. 0.] [5. 5. 5. 5. 5. 5. 6.]     [2.0, 0.0, 0.0, 0.0, 0.0]     [[0.0, -1.0, 0.0, 0.0, 0.0], [0.0, -1.0, 0.0, 0.0, 0.0], [0.0, 0.0, 0.0, 0.0, 0.0], [2.0, -1.0, 1.0, 0.0, 0.0], [0.0, 0.0, 1.0, 0.0, 0.0], [1.0, -1.0, 0.0, 0.0, 0.0], [0.0, 0.0, 0.0, 0.0, 0.0]]
